0.425430
1445.967419
-33070.217952
207339.425240
639391.359719
2546920.798993
3085135.131702
3309403.440835
3064708.013141
1219529.626992
2501641.874697
2098977.379422
4108526.674399
3962025.344846
4986118.587895
3429740.471105
3692175.342199
2447520.214505
1600201.835549
2233120.033884
1978560.045560
2353190.181470
3745253.762247
2568691.263270
1232491.804365
671899.323071
969433.721433
1460942.494349
485556.420033
-28731.758809
-639614.858492
450577.009448
224276.207641
124554.859768
454655.903184
714827.682689
2637185.691006
1953700.424490
715729.136342
36009.192943
-452703.286334
620199.565365
967661.664203
2343258.944370
1904933.967440
986544.210290
-353304.863744
607394.339179
1392317.188666
1614140.873046
-1242354.113385
-193306.465698
1344090.982312
-638586.063565
-30683.750603
1061249.472269
2447843.665711
268935.999030
558267.304335
939900.926138
1471673.498057
3169733.435819
4352171.981528
3316852.425190
4264493.896089
2869667.144365
2572274.774398
1475471.046619
1486299.659314
418068.866951
2235564.877308
1589740.147489
500174.241566
1460395.146668
947077.234497
2925384.807831
5335786.547148
4557118.886576
2578849.814318
2294572.137839
3180512.156796
5190024.581403
6271851.832659
6395744.461510
4487632.299475
2071599.955020
-436168.864599
-1273101.934380
500982.030014
2212300.570028
1841179.989888
1830689.860308
1656400.908216
1894190.261186
545878.616683
2332748.550802
2259934.465427
2561875.500336
200988.174961
584631.926628
947178.198511
2912143.163530
2645884.383183
1441493.643835
2511609.621206
3219304.166282
4491844.650068
2535131.654777
3330628.776151
2604646.740377
1011752.804812
788033.505830
1482642.001815
3219176.697299
4757487.721206
6037905.729098
5639600.827495
6783318.987899
8159216.337783
7988781.385754
7283873.157795
5830211.866593
5293001.883885
4427414.012037
4982354.845665
3881810.501117
4923144.453488
4682481.052448
3071901.741820
2988334.165481
872597.465762
2033182.593434
2479199.776675
2738432.057956
1682567.662350
1083364.467837
1473443.753396
1350933.672094
-188137.952996
-46286.796345
-522191.822934
579342.141546
-315176.314326
-971700.974655
-2999116.377988
-1761871.640565
-951221.398850
-1332996.081737
614956.116147
-568816.669234
2347095.069608
1742513.935904
1866746.849470
3355507.226131
3425441.258337
4740368.544601
4286723.120400
3936506.484717
3155091.283829
4084755.295031
4828252.874146
4708053.063627
3279923.635688
3302173.639493
2181146.858219
1682240.990192
2715729.763553
2216636.555150
2698243.089120
2271740.859614
2047499.669872
916256.377018
648990.384996
1758933.801786
628044.734862
1693844.580702
259610.232578
-109173.361477
1114475.253745
1339386.543191
1537818.031633
3424811.638592
3269326.794280
3801289.529206
4475407.009763
3017732.351046
3293332.164034
2826131.964005
2294815.388436
1071206.910088
3122651.338651
3099848.075663
2828623.234844
1364297.650918
1463042.245982
1685300.611367
1692365.206962
1887301.892036
3338726.501005
3393300.914368
4494362.676678
4208484.962904
4830313.847089
7509436.632981
7227532.638098
5096781.431976
4348310.355187
3185344.990366
3528568.064493
2150124.183390
3383731.095170
316227.774699
-305127.857963
122557.265066
-93814.915484
-1101040.095371
102221.905614
2207277.223140
2977290.934629
3182272.213496
2132969.362324
589445.336140
-913619.228240
-807139.592834
-533929.449347
1031321.885972
489947.455608
1579016.708093
1127802.752622
1801734.607913
775176.100301
826222.418634
2394057.299950
47842.276196
-547943.101038
-1167684.657483
306507.874549
-1104928.829060
-680905.690619
3919570.569009
1689833.809985
2285693.016415
3743822.454125
3930240.499925
4860208.340374
3991715.750044
2616686.022961
2739845.291244
3382950.594023
1742113.884398
999338.758195
-32245.225537
-123836.031095
189049.171744
147582.696424
-604171.332956
-618314.858416
687645.177291
3229855.778315
3312476.414251
5169249.738029
5673133.031206
5117446.005928
4968890.464913
5292983.159302
5632555.704820
5592926.867331
7890565.732181
7271201.317192
4344546.322531
4614133.993149
3091019.688600
3410218.388203
2634532.457830
3025595.951190
2427894.916856
1496040.739538
2491631.021794
3053280.443862
3242213.396973
3691326.665928
2489129.142107
1406241.469452
576938.658915
1424805.935540
1522999.157133
2363249.868311
2835572.072369
2374179.400137
3975593.748617
3954014.557184
3016586.754387
5182339.383749
6188374.943795
5345909.974316
3706255.798187
4460774.004766
2119649.633573
1412770.028765
265943.998412
786540.781488
196379.056104
247232.005719
-468860.966559
-162830.971516
675844.103325
1123790.347093
687002.290936
1750771.006042
4462345.419804
6012240.753489
2814687.387886
2237759.121129
-49081.433216
1038467.314756
2781718.436642
3224873.168734
2099369.239115
3015825.955001
3344607.017579
2930167.623527
2172884.444652
2485076.885757
3500386.241807
3364044.244634
2700499.401304
2809887.116905
2614558.401485
4802840.957008
4014857.723041
3001954.975788
5149749.643025
4985815.422934
5041394.707001
5007484.380792
4835750.990887