21.737749
29.004639
31.305212
19.858281
11.815300
12.292948
13.636085
12.611281
11.073727
14.540188
12.136690
8.679177
6.849143
5.401065
18.881018
21.174913
11.798587
10.097511
7.757107
1.612045
8.495656
18.748654
17.384804
4.774675
1.157744
8.864654
12.492503
9.402140
16.781159
21.853829
16.793662
8.901543
3.194570
12.679049
14.694283
8.205792
26.105814
28.683297
12.093591
5.805197
13.184823
13.999724
20.416177
33.395182
27.479569
1.116027
3.347562
15.437783
15.716225
9.664229
14.823515
12.631601
3.706355
18.865852
28.369584
24.691288
13.571292
22.814619
32.172435
29.759690
18.787657
2.396181
3.922824
4.696706
25.669651
29.031805
14.512527
15.523765
26.505066
22.237100
11.479172
18.245810
15.105720
7.504208
8.275736
10.762642
18.181950
17.492754
9.081813
14.331813
25.944459
28.385189
18.214180
22.037160
21.882124
16.637658
35.070320
36.668394
23.559228
21.343243
27.747618
24.194561
14.437435
10.279659
2.642065
12.057678
16.116714
38.606019
39.407828
20.477635
16.582509
8.064827
8.979753
12.366752
16.638121
17.220493
10.868024
34.038498
34.527434
7.592349
5.031873
1.920425
15.223562
15.437870
4.857704
6.984000
27.009748
41.636379
38.741272
24.948786
24.027747
20.457237
4.167738
12.916257
12.341939
27.213830
27.291723
5.566758
11.585967
14.311138
11.061752
5.592480
26.722359
27.930771
8.555663
6.234996
38.061589
37.604716
15.247101
15.483944
24.949710
24.873634
12.664926
22.526163
24.380930
39.313416
37.927019
11.879869
5.748375
12.435518
30.939809
28.877889
2.775826
9.030587
19.019445
31.875761
27.286639
31.512655
35.144446
35.160066
31.729221
5.807469
3.126229
19.487597
21.338605
8.910724
23.738515
251.953130
23.738515
8.910724
21.338605
19.487597
3.126229
5.807469
31.729221
35.160066
35.144446
31.512655
27.286639
31.875761
19.019445
9.030587
2.775826
28.877889
30.939809
12.435518
5.748375
11.879869
37.927019
39.313416
24.380930
22.526163
12.664926
24.873634
24.949710
15.483944
15.247101
37.604716
38.061589
6.234996
8.555663
27.930771
26.722359
5.592480
11.061752
14.311138
11.585967
5.566758
27.291723
27.213830
12.341939
12.916257
4.167738
20.457237
24.027747
24.948786
38.741272
41.636379
27.009748
6.984000
4.857704
15.437870
15.223562
1.920425
5.031873
7.592349
34.527434
34.038498
10.868024
17.220493
16.638121
12.366752
8.979753
8.064827
16.582509
20.477635
39.407828
38.606019
16.116714
12.057678
2.642065
10.279659
14.437435
24.194561
27.747618
21.343243
23.559228
36.668394
35.070320
16.637658
21.882124
22.037160
18.214180
28.385189
25.944459
14.331813
9.081813
17.492754
18.181950
10.762642
8.275736
7.504208
15.105720
18.245810
11.479172
22.237100
26.505066
15.523765
14.512527
29.031805
25.669651
4.696706
3.922824
2.396181
18.787657
29.759690
32.172435
22.814619
13.571292
24.691288
28.369584
18.865852
3.706355
12.631601
14.823515
9.664229
15.716225
15.437783
3.347562
1.116027
27.479569
33.395182
20.416177
13.999724
13.184823
5.805197
12.093591
28.683297
26.105814
8.205792
14.694283
12.679049
3.194570
8.901543
16.793662
21.853829
16.781159
9.402140
12.492503
8.864654
1.157744
4.774675
17.384804
18.748654
8.495656
1.612045
7.757107
10.097511
11.798587
21.174913
18.881018
5.401065
6.849143
8.679177
12.136690
14.540188
11.073727
12.611281
13.636085
12.292948
11.815300
19.858281
31.305212
29.004639